0 8 246
0 9 458
0 10 240
0 11 594
0 22 182
0 24 421
0 25 423
0 26 534
0 27 592
0 30 209
0 31 276
0 38 287
0 39 382
0 40 405
0 41 248
0 42 125
0 43 21
0 44 26
0 45 25
1 6 124
1 7 439
1 12 522
1 14 232
1 21 143
1 32 441
2 3 297
2 5 499
2 18 368
2 19 499
2 20 228
2 32 463
2 33 129
2 35 518
2 36 343
2 37 271
3 5 516
3 18 565
3 20 433
3 33 412
3 35 382
3 36 424
3 37 308
4 15 490
4 16 349
4 17 545
4 29 378
4 46 253
4 47 461
4 49 499
5 6 529
5 13 422
5 21 596
5 28 553
5 32 536
5 34 526
5 35 258
6 7 519
6 12 516
6 14 315
6 21 164
6 32 358
7 8 560
7 11 538
7 12 366
7 14 207
7 21 361
7 26 360
7 27 214
7 40 439
8 9 572
8 10 438
8 11 443
8 12 465
8 22 248
8 24 507
8 25 533
8 26 315
8 27 346
8 30 452
8 31 490
8 38 276
8 39 348
8 40 188
8 41 435
8 42 277
8 43 253
8 44 220
8 45 237
9 11 558
9 15 485
9 22 328
9 23 281
9 24 81
9 30 502
9 38 314
9 39 306
9 40 592
9 41 238
9 42 338
9 43 436
9 44 470
9 45 438
10 22 417
10 25 234
10 30 146
10 31 60
10 38 524
10 41 394
10 42 346
10 43 253
10 44 253
10 45 264
11 12 182
11 13 299
11 14 558
11 21 541
11 22 439
11 24 479
11 26 588
11 27 436
11 28 518
11 38 339
11 39 274
11 40 276
11 42 520
11 43 585
11 44 578
11 45 571
12 13 398
12 14 377
12 21 379
12 22 549
12 26 501
12 27 315
12 38 466
12 39 426
12 40 276
13 28 282
13 34 598
13 35 543
13 38 571
13 39 481
13 40 576
14 21 168
14 26 563
14 27 391
14 40 561
15 16 250
15 23 242
15 24 541
15 29 593
15 46 245
15 47 382
16 23 339
16 28 469
16 29 343
16 46 134
16 47 508
17 47 376
17 48 285
17 49 289
18 19 172
18 20 142
18 33 265
18 36 205
18 37 286
19 20 276
19 33 419
19 36 203
19 37 319
20 32 569
20 33 146
20 36 177
20 37 195
21 27 509
21 32 522
22 23 588
22 24 270
22 26 562
22 27 556
22 30 348
22 31 445
22 38 108
22 39 201
22 40 322
22 41 205
22 42 80
22 43 165
22 44 179
22 45 156
23 24 319
23 28 475
23 38 541
23 39 489
23 41 518
23 46 419
24 28 594
24 30 499
24 38 239
24 39 225
24 40 514
24 41 235
24 42 296
24 43 400
24 44 429
24 45 399
25 30 380
25 31 262
25 42 547
25 43 443
25 44 425
25 45 449
26 27 198
26 38 572
26 40 335
26 42 591
26 43 547
26 44 508
26 45 533
27 38 528
27 39 547
27 40 248
27 43 599
27 44 565
27 45 583
28 29 477
28 34 433
28 35 537
28 39 576
29 34 409
29 46 394
30 31 129
30 38 455
30 39 543
30 41 266
30 42 268
30 43 210
30 44 234
30 45 226
31 38 553
31 41 393
31 42 370
31 43 286
31 44 294
31 45 299
32 33 434
33 36 310
33 37 283
34 35 313
36 37 115
38 39 95
38 40 280
38 41 275
38 42 186
38 43 271
38 44 279
38 45 261
39 40 301
39 41 337
39 42 277
39 43 366
39 44 375
39 45 356
40 41 528
40 42 386
40 43 405
40 44 382
40 45 389
41 42 157
41 43 227
41 44 267
41 45 234
42 43 104
42 44 133
42 45 102
43 44 41
43 45 16
44 45 32
46 47 391
47 49 584
48 49 181
