0 Delhi 28.6139 77.209
1 Mumbai 19.076 72.8777
2 Bangalore 12.9716 77.5946
3 Chennai 13.0827 80.2707
4 Kolkata 22.5726 88.3639
5 Hyderabad 17.385 78.4867
6 Pune 18.5204 73.8567
7 Ahmedabad 23.0225 72.5714
8 Jaipur 26.9124 75.7873
9 Lucknow 26.8467 80.9462
10 Chandigarh 30.7333 76.7794
11 Bhopal 23.2599 77.4126
12 Indore 22.7196 75.8577
13 Nagpur 21.1458 79.0882
14 Surat 21.1702 72.8311
15 Patna 25.5941 85.1376
16 Ranchi 23.3441 85.3096
17 Guwahati 26.1445 91.7362
18 Kochi 9.9312 76.2673
19 Thiruvananthapuram 8.5241 76.9366
20 Coimbatore 11.0168 76.9558
21 Nashik 19.9975 73.7898
22 Agra 27.1767 78.0081
23 Varanasi 25.3176 82.9739
24 Kanpur 26.4499 80.3319
25 Amritsar 31.6340 74.8723
26 Jodhpur 26.2389 73.0243
27 Udaipur 24.5854 73.7125
28 Raipur 21.2514 81.6296
29 Bhubaneswar 20.2961 85.8245
30 Dehradun 30.3165 78.0322
31 Shimla 31.1048 77.1734
32 Goa 15.2993 74.1240
33 Mysore 12.2958 76.6394
34 Visakhapatnam 17.6868 83.2185
35 Vijayawada 16.5062 80.6480
36 Madurai 9.9252 78.1198
37 Tiruchirappalli 10.7905 78.7047
38 Gwalior 26.2183 78.1828
39 Jhansi 25.4484 78.5685
40 Kota 25.2138 75.8648
41 Bareilly 28.3670 79.4304
42 Aligarh 27.8974 78.0880
43 Noida 28.5355 77.3910
44 Gurugram 28.4595 77.0266
45 Faridabad 28.4089 77.3178
46 Dhanbad 23.7957 86.4304
47 Siliguri 26.7271 88.3953
48 Imphal 24.8170 93.9368
49 Aizawl 23.7271 92.7176